id|pv|mv|fm|gol|gs|rig_segnati_calciati|rp|ass|amm|esp|penalties
5585|5|7,1|10,6|6|0|0/0|0|0|1|0|0.0
7154|1|7,0|10,0|1|0|0/0|0|0|0|0|0.0
7523|4|6,88|9,75|4|0|1/1|0|0|1|0|1.1000
6372|3|6,67|9,67|3|0|0/0|0|0|0|0|0.0
2764|4|6,75|9,5|4|0|0/0|0|0|2|0|0.0
5831|1|7,0|9,5|1|0|0/0|0|0|1|0|0.0
7620|1|6,5|9,5|1|0|0/0|0|0|0|0|0.0
5761|3|6,67|9,0|2|0|0/0|0|1|0|0|0.0
6204|5|6,9|8,8|3|0|0/0|0|1|1|0|0.0
5436|5|6,6|8,8|4|0|0/0|0|0|2|0|0.0
2423|2|7,0|8,75|1|0|0/0|0|1|1|0|0.0
6556|3|6,67|8,67|2|0|0/0|0|0|0|0|0.0
6646|3|6,67|8,67|2|0|0/0|0|0|0|0|0.0
4871|4|6,62|8,62|2|0|0/0|0|2|0|0|0.0
6677|5|6,6|8,6|3|0|0/0|0|1|0|0|0.0
2194|3|6,67|8,5|2|0|0/0|0|0|1|0|0.0
2848|5|6,7|8,5|3|0|0/0|0|0|0|0|0.0
7071|4|6,75|8,5|2|0|0/0|0|1|0|0|0.0
4896|5|6,5|8,3|3|0|1/1|0|0|0|0|1.1000
5877|3|6,83|8,17|1|0|0/0|0|1|0|0|0.0
4463|2|6,5|8,0|1|0|0/0|0|0|0|0|0.0
6669|2|6,5|8,0|1|0|0/0|0|0|0|0|0.0
2379|5|6,4|8,0|2|0|0/0|0|2|0|0|0.0
5131|2|6,5|8,0|1|0|0/0|0|0|0|0|0.0
5734|5|6,6|8,0|2|0|0/0|0|1|0|0|0.0
7554|4|6,5|8,0|2|0|0/0|0|0|0|0|0.0
309|5|7,1|7,9|0|0|0/0|0|4|0|0|0.0
6684|5|6,4|7,8|2|0|0/0|0|1|0|0|0.0
7078|5|6,1|7,8|3|0|0/0|0|0|1|0|0.0
7414|2|6,25|7,75|1|0|0/0|0|0|0|0|0.0
7349|2|6,25|7,75|1|0|0/0|0|0|0|0|0.0
6967|5|6,4|7,7|2|0|0/0|0|1|1|0|0.0
5589|5|6,6|7,7|2|0|0/0|0|0|1|0|0.0
7546|3|6,67|7,67|1|0|0/0|0|0|0|0|0.0
6190|4|6,25|7,62|2|0|0/0|0|0|1|0|0.0
6618|4|6,25|7,62|2|0|0/0|0|0|1|0|0.0
2788|5|6,4|7,6|2|0|0/0|0|0|0|0|0.0
5504|5|6,2|7,6|2|0|0/0|0|1|0|0|0.0
6989|4|6,0|7,5|2|0|0/0|0|0|0|0|0.0
7248|2|6,0|7,5|1|0|0/0|0|0|0|0|0.0
7223|3|6,33|7,5|1|0|0/0|0|1|1|0|0.0
5735|3|6,67|7,5|1|0|0/0|0|0|1|0|0.0
7198|2|6,25|7,5|1|0|0/0|0|0|2|0|0.0
6681|2|6,0|7,5|1|0|0/0|0|0|0|0|0.0
7600|4|6,0|7,5|2|0|0/0|0|0|0|0|0.0
7126|5|6,3|7,4|2|0|0/0|0|0|1|0|0.0
7017|5|6,2|7,4|2|0|0/0|0|0|0|0|0.0
5555|5|6,2|7,4|2|0|0/0|0|0|0|0|0.0
4179|4|6,62|7,38|1|0|0/0|0|0|0|0|0.0
7472|5|6,5|7,3|1|0|0/0|0|1|0|0|0.0
152|5|6,5|7,3|1|0|0/0|0|1|0|0|0.0
6052|5|6,1|7,3|2|0|0/0|0|0|0|0|0.0
6274|4|6,5|7,25|0|0|0/0|0|3|0|0|0.0
5685|4|6,25|7,25|1|0|0/0|0|1|0|0|0.0
7563|2|6,75|7,25|0|0|0/0|0|1|0|0|0.0
7311|5|6,6|7,2|1|0|0/0|0|0|0|0|0.0
632|5|6,4|7,2|1|0|1/1|0|2|2|0|1.1000
7485|5|6,2|7,2|1|0|0/0|0|2|0|0|0.0
2517|5|6,4|7,2|1|0|0/0|0|1|0|0|0.0
6207|4|6,25|7,12|1|0|0/0|0|1|1|0|0.0
7556|4|6,38|7,12|1|0|0/0|0|0|0|0|0.0
6884|5|6,4|7,1|1|0|0/0|0|1|1|0|0.0
4287|5|6,5|7,1|1|0|0/0|0|0|0|0|0.0
184|5|6,4|7,0|1|0|0/0|0|0|0|0|0.0
4210|1|7,0|7,0|0|0|0/0|0|0|0|0|0.0
6875|5|6,2|7,0|1|0|0/0|0|1|0|0|0.0
6217|4|6,25|7,0|1|0|0/0|0|0|0|0|0.0
1870|5|6,3|7,0|1|0|0/0|0|1|1|0|0.0
7181|4|6,75|7,0|0|0|0/0|0|1|0|0|0.0
7374|5|6,3|6,9|1|0|0/0|0|0|0|0|0.0
1933|5|6,1|6,9|1|0|0/0|0|1|0|0|0.0
7469|5|6,4|6,9|1|0|0/0|0|1|3|0|0.0
6397|5|6,1|6,9|1|0|0/0|0|1|0|0|0.0
6821|5|6,1|6,9|1|0|0/0|0|1|0|0|0.0
5620|4|6,38|6,88|0|0|0/0|0|2|0|0|0.0
531|4|6,12|6,88|1|0|0/0|0|0|0|0|0.0
4856|5|6,4|6,8|0|0|0/0|0|2|0|0|0.0
7023|5|5,7|6,8|2|0|0/0|0|0|1|0|0.0
7347|5|6,2|6,8|1|0|0/0|0|0|0|0|0.0
7561|5|6,2|6,8|1|0|0/0|0|0|0|0|0.0
4371|4|6,0|6,75|1|0|0/0|0|0|0|0|0.0
6531|4|5,88|6,75|1|0|0/0|0|1|1|0|0.0
6495|4|6,0|6,75|1|0|0/0|0|0|0|0|0.0
5637|4|6,38|6,75|0|0|0/0|0|2|1|0|0.0
7272|4|6,0|6,75|1|0|0/0|0|0|0|0|0.0
4870|5|6,3|6,7|0|0|0/0|0|2|0|0|0.0
6869|5|6,1|6,7|1|0|0/0|0|0|0|0|0.0
5500|5|6,2|6,7|1|0|0/0|0|0|1|0|0.0
4807|5|6,3|6,7|1|0|0/0|0|0|2|0|0.0
5851|5|6,1|6,7|1|0|0/0|0|0|0|0|0.0
2528|5|6,6|6,7|0|0|0/0|0|1|1|0|0.0
6021|5|6,2|6,7|1|0|0/0|0|0|1|0|0.0
6680|5|6,3|6,7|1|0|0/0|0|0|2|0|0.0
7551|5|6,3|6,7|0|0|0/0|0|3|2|0|0.0
6675|3|5,83|6,67|1|0|0/0|0|0|1|0|0.0
5800|3|5,83|6,67|1|0|0/0|0|0|1|0|0.0
6320|3|6,33|6,67|0|0|0/0|0|1|0|0|0.0
4705|3|6,67|6,67|0|0|0/0|0|0|0|0|0.0
5119|5|6,0|6,6|1|0|0/0|0|0|0|0|0.0
2137|5|6,0|6,6|1|0|0/0|0|0|0|0|0.0
6482|5|6,6|6,6|0|3|0/0|1|0|0|0|0.0
536|5|5,9|6,6|1|0|0/0|0|1|1|0|0.0
22|1|6,5|6,5|0|0|0/0|0|0|0|0|0.0
5792|5|5,9|6,5|1|0|0/0|0|0|0|0|0.0
6238|5|6,4|6,5|0|0|0/0|0|1|1|0|0.0
6530|3|6,5|6,5|0|0|0/0|0|0|0|0|0.0
6917|5|6,3|6,5|0|0|0/0|0|1|0|0|0.0
4892|4|6,25|6,5|0|0|0/0|0|1|0|0|0.0
5878|4|5,75|6,5|1|0|0/0|0|0|0|0|0.0
7036|4|6,25|6,5|0|0|0/0|0|1|0|0|0.0
6925|1|6,5|6,5|0|0|0/0|0|0|0|0|0.0
5527|1|6,5|6,5|0|0|0/0|0|0|0|0|0.0
5507|4|6,12|6,5|0|0|0/0|0|2|1|0|0.0
4409|5|6,2|6,4|0|0|0/0|0|1|0|0|0.0
2296|5|6,2|6,4|0|0|0/0|0|1|0|0|0.0
6060|5|6,3|6,4|0|0|0/0|0|1|1|0|0.0
4734|4|6,12|6,38|0|0|0/0|0|1|0|0|0.0
4998|4|6,12|6,38|0|0|0/0|0|1|0|0|0.0
5422|3|6,0|6,33|0|0|0/0|0|1|0|0|0.0
7412|3|6,33|6,33|0|0|0/0|0|0|0|0|0.0
827|3|6,17|6,33|0|0|0/0|0|1|1|0|0.0
4359|5|5,7|6,3|1|0|0/0|0|0|0|0|0.0
7467|5|6,5|6,3|0|0|0/0|0|0|2|0|0.0
254|5|6,1|6,3|0|0|0/0|0|1|0|0|0.0
5838|5|6,0|6,3|0|0|0/0|0|2|1|0|0.0
779|5|6,3|6,3|0|0|0/0|0|0|0|0|0.0
7060|5|6,1|6,3|0|0|0/0|0|1|0|0|0.0
7564|5|6,2|6,3|0|0|0/0|0|1|1|0|0.0
6893|2|6,25|6,25|0|0|0/0|0|0|0|0|0.0
6867|4|6,0|6,25|0|0|0/0|0|1|0|0|0.0
2097|4|6,0|6,25|0|0|0/0|0|1|0|0|0.0
5998|2|6,25|6,25|0|0|0/0|0|0|0|0|0.0
4973|2|6,25|6,25|0|0|0/0|0|0|0|0|0.0
4459|2|6,25|6,25|0|0|0/0|0|0|0|0|0.0
5672|2|6,0|6,25|0|0|0/0|0|1|1|0|0.0
7203|2|6,25|6,25|0|0|0/0|0|0|0|0|0.0
5295|4|6,25|6,25|0|0|0/0|0|0|0|0|0.0
6593|4|6,0|6,25|0|0|0/0|0|1|0|0|0.0
5882|2|6,25|6,25|0|0|0/0|0|0|0|0|0.0
7599|4|6,25|6,25|0|0|0/0|0|0|0|0|0.0
7274|5|6,3|6,2|0|0|0/0|0|0|1|0|0.0
6151|5|6,2|6,2|0|0|0/0|0|0|0|0|0.0
5559|5|6,2|6,2|0|0|0/0|0|0|0|0|0.0
5833|5|6,3|6,2|0|0|0/0|0|0|1|0|0.0
5739|5|6,3|6,2|0|0|0/0|0|0|1|0|0.0
5862|5|6,2|6,2|0|0|0/0|0|0|0|0|0.0
7484|5|5,6|6,2|1|0|0/0|0|0|0|0|0.0
7326|3|6,17|6,17|0|0|0/0|0|0|0|0|0.0
7342|3|5,83|6,17|0|0|0/0|0|1|0|0|0.0
7220|3|6,0|6,17|0|0|0/0|0|1|1|0|0.0
5298|4|6,12|6,12|0|0|0/0|0|0|0|0|0.0
6506|4|6,12|6,12|0|0|0/0|0|0|0|0|0.0
5514|4|5,62|6,12|1|0|0/0|0|0|0|1|0.0
7070|4|6,12|6,12|0|0|0/0|0|0|0|0|0.0
6191|4|6,25|6,12|0|0|0/0|0|0|1|0|0.0
7526|4|5,88|6,12|0|0|0/0|0|1|0|0|0.0
5007|4|5,75|6,12|0|0|0/0|0|2|1|0|0.0
6827|4|6,25|6,12|0|0|0/0|0|0|1|0|0.0
5641|4|6,12|6,12|0|0|0/0|0|0|0|0|0.0
6435|5|5,6|6,1|1|0|0/0|0|0|1|0|0.0
5858|5|6,1|6,1|0|0|0/0|0|0|0|0|0.0
4360|5|6,5|6,1|0|2|0/0|0|0|0|0|0.0
7268|5|6,1|6,1|0|0|0/0|0|0|0|0|0.0
4260|5|6,1|6,1|0|0|0/0|0|0|0|0|0.0
6415|5|6,9|6,1|0|4|0/0|0|0|0|0|0.0
4970|5|6,1|6,1|0|0|0/0|0|0|0|0|0.0
4976|5|6,1|6,1|0|0|0/0|0|0|0|0|0.0
7314|5|6,1|6,1|0|0|0/0|0|0|0|0|0.0
5022|5|6,1|6,1|0|0|0/0|0|1|2|0|0.0
2816|5|6,0|6,1|0|0|0/0|0|1|1|0|0.0
7573|5|5,9|6,1|0|0|0/0|0|1|0|0|0.0
6024|1|6,0|6,0|0|0|0/0|0|0|0|0|0.0
5678|4|6,12|6,0|0|0|0/0|0|0|1|0|0.0
4433|3|6,0|6,0|0|0|0/0|0|0|0|0|0.0
7532|2|6,0|6,0|0|0|0/0|0|0|0|0|0.0
4461|1|6,0|6,0|0|0|0/0|0|0|0|0|0.0
5701|5|6,0|6,0|0|0|0/0|0|0|0|0|0.0
6010|4|5,88|6,0|0|0|0/0|0|1|1|0|0.0
6640|1|6,0|6,0|0|0|0/0|0|0|0|0|0.0
6243|1|6,0|6,0|0|0|0/0|0|0|0|0|0.0
5036|3|6,17|6,0|0|0|0/0|0|0|1|0|0.0
6815|3|6,0|6,0|0|0|0/0|0|0|0|0|0.0
6678|1|6,0|6,0|0|0|0/0|0|0|0|0|0.0
4465|5|5,9|6,0|0|0|0/0|0|1|1|0|0.0
4952|4|6,0|6,0|0|0|0/0|0|0|0|0|0.0
6903|2|6,0|6,0|0|0|0/0|0|0|0|0|0.0
7413|1|6,0|6,0|0|0|0/0|0|0|0|0|0.0
7341|2|6,0|6,0|0|0|0/0|0|0|1|0|0.0
5301|3|6,0|6,0|0|0|0/0|0|0|0|0|0.0
4657|5|5,9|6,0|0|0|0/0|0|1|1|0|0.0
4817|2|6,0|6,0|0|0|0/0|0|0|0|0|0.0
2188|1|6,0|6,0|0|0|0/0|0|0|0|0|0.0
6410|1|6,0|6,0|0|0|0/0|0|0|0|0|0.0
4401|1|6,0|6,0|0|0|0/0|0|0|0|0|0.0
6496|2|6,0|6,0|0|0|0/0|0|0|0|0|0.0
2606|5|6,0|6,0|0|0|0/0|0|0|0|0|0.0
2115|1|6,0|6,0|0|0|0/0|0|0|0|0|0.0
7476|3|6,0|6,0|0|0|0/0|0|0|0|0|0.0
2170|2|6,5|6,0|0|1|0/0|0|0|0|0|0.0
7351|3|6,0|6,0|0|0|0/0|0|0|0|0|0.0
7202|1|6,0|6,0|0|0|0/0|0|0|0|0|0.0
5307|1|6,0|6,0|0|0|0/0|0|0|0|0|0.0
7255|3|6,0|6,0|0|0|0/0|0|0|0|0|0.0
7536|1|6,0|6,0|0|0|0/0|0|0|0|0|0.0
6631|3|6,17|6,0|0|0|0/0|0|0|1|0|0.0
7529|1|6,0|6,0|0|0|0/0|0|0|1|0|0.0
6986|1|6,0|6,0|0|0|0/0|0|0|0|0|0.0
6572|4|6,0|6,0|0|0|0/0|0|0|0|0|0.0
6672|3|6,17|6,0|0|0|0/0|0|0|1|0|0.0
6426|1|6,0|6,0|0|0|0/0|0|0|0|0|0.0
7535|5|6,0|6,0|0|0|0/0|0|0|0|0|0.0
6218|1|6,0|6,0|0|0|0/0|0|0|0|0|0.0
6956|3|6,0|6,0|0|0|0/0|0|0|0|0|0.0
4845|4|6,12|6,0|0|0|0/0|0|0|1|0|0.0
6727|5|5,9|6,0|0|0|0/0|0|1|1|0|0.0
6229|5|5,8|6,0|0|0|0/0|0|1|0|0|0.0
7329|1|6,0|6,0|0|0|0/0|0|0|0|0|0.0
7069|5|6,0|6,0|0|0|0/0|0|0|0|0|0.0
5172|4|6,0|6,0|0|0|0/0|0|0|0|0|0.0
7580|2|6,0|6,0|0|0|0/0|0|0|0|0|0.0
7612|1|6,0|6,0|0|0|0/0|0|0|0|0|0.0
4147|1|6,0|6,0|0|0|0/0|0|0|0|0|0.0
7621|2|6,0|6,0|0|0|0/0|0|0|0|0|0.0
7624|3|6,17|6,0|0|0|0/0|0|0|1|0|0.0
7232|1|6,0|6,0|0|0|0/0|0|0|1|0|0.0
2169|1|6,0|6,0|0|0|0/0|0|0|0|0|0.0
7647|2|6,0|6,0|0|0|0/0|0|0|0|0|0.0
1871|5|6,1|5,9|0|0|0/0|0|0|2|0|0.0
6294|5|5,7|5,9|0|0|0/0|0|1|0|0|0.0
2120|5|6,0|5,9|0|0|0/0|0|0|1|0|0.0
6990|5|5,8|5,9|0|0|0/0|0|2|3|0|0.0
5457|5|5,9|5,9|0|0|0/0|0|0|0|0|0.0
6642|5|5,9|5,9|0|0|0/0|0|0|0|0|0.0
6904|5|5,9|5,9|1|0|0/1|0|0|0|0|0.0000
6042|4|6,12|5,88|0|0|0/0|0|0|2|0|0.0
6895|4|5,88|5,88|0|0|0/0|0|0|0|0|0.0
7436|4|5,88|5,88|0|0|0/0|0|0|0|0|0.0
2155|4|5,88|5,88|0|0|0/0|0|0|0|0|0.0
1852|4|5,88|5,88|0|0|0/0|0|0|0|0|0.0
5010|4|5,88|5,88|0|0|0/0|0|0|0|0|0.0
554|3|5,83|5,83|0|0|0/0|0|0|0|0|0.0
6054|3|5,83|5,83|0|0|0/0|0|0|0|0|0.0
2167|3|5,83|5,83|0|0|0/0|0|0|0|0|0.0
7129|3|5,83|5,83|0|0|0/0|0|0|0|0|0.0
2514|3|5,83|5,83|0|0|0/0|0|0|0|0|0.0
2832|3|5,83|5,83|0|0|0/0|0|0|0|0|0.0
7138|3|5,83|5,83|0|0|0/0|0|0|0|0|0.0
6666|3|5,83|5,83|0|0|0/0|0|0|0|0|0.0
6246|3|6,17|5,83|0|0|0/0|0|0|2|0|0.0
6592|3|5,83|5,83|0|0|0/0|0|0|0|0|0.0
5675|3|5,83|5,83|0|0|0/0|0|0|0|0|0.0
4137|3|5,83|5,83|0|0|0/0|0|0|0|0|0.0
5526|5|5,8|5,8|0|0|0/0|0|0|0|0|0.0
4436|5|5,9|5,8|0|0|0/0|0|0|1|0|0.0
5823|5|5,8|5,8|0|0|0/0|0|0|0|0|0.0
4159|5|5,8|5,8|0|0|0/0|0|1|2|0|0.0
7012|5|5,9|5,8|0|0|0/0|0|0|1|0|0.0
6664|5|6,0|5,8|0|0|0/0|0|0|2|0|0.0
6898|5|5,9|5,8|0|0|0/0|0|0|1|0|0.0
5841|5|6,4|5,8|0|3|0/0|0|0|0|0|0.0
5844|5|5,8|5,8|0|0|0/0|0|0|0|0|0.0
5946|5|5,7|5,8|0|0|0/0|0|1|1|0|0.0
2640|4|5,75|5,75|0|0|0/0|0|0|0|0|0.0
7483|2|5,75|5,75|0|0|0/0|0|0|0|0|0.0
6206|2|5,75|5,75|0|0|0/0|0|0|0|0|0.0
7473|2|5,75|5,75|0|0|0/0|0|0|0|0|0.0
6814|2|5,75|5,75|0|0|0/0|0|0|0|0|0.0
4177|2|5,75|5,75|0|0|0/0|0|0|0|0|0.0
4502|4|5,75|5,75|0|0|0/0|0|0|0|0|0.0
7001|4|5,88|5,75|0|0|0/0|0|0|1|0|0.0
5273|4|5,88|5,75|0|0|0/0|0|0|1|0|0.0
4777|2|5,75|5,75|0|0|0/0|0|0|0|0|0.0
6831|2|5,75|5,75|0|0|0/0|0|0|0|0|0.0
7120|4|5,75|5,75|0|0|0/0|0|0|0|0|0.0
6215|4|5,75|5,75|0|0|0/0|0|0|0|0|0.0
6170|4|5,62|5,75|0|0|0/0|0|1|1|0|0.0
5820|2|5,75|5,75|0|0|0/0|0|0|1|0|0.0
6212|2|5,75|5,75|0|0|0/0|0|0|0|0|0.0
7418|2|5,75|5,75|0|0|0/0|0|0|0|0|0.0
6783|4|5,5|5,75|0|0|0/0|0|1|1|0|0.0
2766|2|6,0|5,75|0|0|0/0|0|0|1|0|0.0
7478|2|5,75|5,75|0|0|0/0|0|0|0|0|0.0
5674|2|5,75|5,75|0|0|0/0|0|0|0|0|0.0
4375|2|5,75|5,75|0|0|0/0|0|0|0|0|0.0
7574|2|5,75|5,75|0|0|0/0|0|0|0|0|0.0
7602|4|5,75|5,75|0|0|0/0|0|0|0|0|0.0
5680|2|5,75|5,75|0|0|0/0|0|0|0|0|0.0
6752|2|5,75|5,75|0|0|0/0|0|0|0|0|0.0
7623|2|5,75|5,75|0|0|0/0|0|0|0|0|0.0
5751|2|6,0|5,75|0|0|0/0|0|0|1|0|0.0
795|2|5,75|5,75|0|0|0/0|0|0|0|0|0.0
5995|5|5,7|5,7|0|0|0/0|0|0|0|0|0.0
5757|5|5,8|5,7|0|0|0/0|0|0|1|0|0.0
5791|5|5,7|5,7|0|0|0/0|0|0|0|0|0.0
4923|5|5,9|5,7|0|0|0/1|0|2|0|0|0.0000
5951|5|5,5|5,7|0|0|0/0|0|1|0|0|0.0
7131|5|5,8|5,7|0|0|0/0|0|0|1|0|0.0
6549|5|5,7|5,7|0|0|0/0|0|0|0|0|0.0
4925|5|5,7|5,7|0|0|0/0|0|0|0|0|0.0
4994|5|5,7|5,7|0|0|0/0|0|0|0|0|0.0
6994|5|5,9|5,7|0|0|0/0|0|0|2|0|0.0
7219|3|5,67|5,67|0|0|0/0|0|0|0|0|0.0
7464|3|5,67|5,67|0|0|0/0|0|0|0|0|0.0
4947|3|5,67|5,67|0|0|0/0|0|0|0|0|0.0
4317|3|5,83|5,67|0|0|0/0|0|0|1|0|0.0
6005|3|5,67|5,67|0|0|0/0|0|0|0|0|0.0
5694|3|5,67|5,67|0|0|0/0|0|0|0|0|0.0
4364|4|5,62|5,62|0|0|0/0|0|1|0|1|0.0
6164|4|5,62|5,62|0|0|0/0|0|0|0|0|0.0
6398|4|5,75|5,62|0|0|0/0|0|0|1|0|0.0
5695|4|5,5|5,62|0|0|0/0|0|1|1|0|0.0
4199|5|5,7|5,6|0|0|0/0|0|0|1|0|0.0
2061|5|5,6|5,6|0|0|0/0|0|0|0|0|0.0
5994|5|5,6|5,6|0|0|0/0|0|0|0|0|0.0
7208|5|5,7|5,6|0|0|0/0|0|0|1|0|0.0
4431|5|6,7|5,5|0|7|0/0|0|1|0|0|0.0
5578|4|5,5|5,5|0|0|0/0|0|0|0|0|0.0
4887|3|5,67|5,5|0|0|0/0|0|0|1|0|0.0
2077|3|5,5|5,5|0|0|0/0|0|0|0|0|0.0
7212|5|5,6|5,5|0|0|0/0|0|0|1|0|0.0
487|1|5,5|5,5|0|0|0/0|0|0|0|0|0.0
6844|3|5,5|5,5|0|0|0/0|0|0|0|0|0.0
2765|5|5,6|5,5|0|0|0/0|0|0|1|0|0.0
7301|1|6,5|5,5|0|1|0/0|0|0|0|0|0.0
7014|1|5,5|5,5|0|0|0/0|0|0|0|0|0.0
4378|3|5,67|5,5|0|0|0/0|0|0|1|0|0.0
7410|4|5,5|5,5|0|0|0/0|0|0|0|0|0.0
6020|5|5,6|5,5|0|0|0/0|0|0|1|0|0.0
7409|2|5,5|5,5|0|0|0/0|0|0|0|0|0.0
2529|1|6,0|5,5|0|0|0/0|0|0|1|0|0.0
6766|3|5,5|5,5|0|0|0/0|0|0|0|0|0.0
5520|1|6,0|5,5|0|0|0/0|0|0|1|0|0.0
6434|1|5,5|5,5|0|0|0/0|0|0|0|0|0.0
6629|1|5,5|5,5|0|0|0/0|0|0|0|0|0.0
7182|2|5,5|5,5|0|0|0/0|0|0|0|0|0.0
7322|5|5,6|5,5|0|0|0/0|0|0|1|0|0.0
7252|5|5,5|5,5|0|0|0/0|0|0|0|0|0.0
5453|1|5,5|5,5|0|0|0/0|0|0|0|0|0.0
6659|5|5,7|5,5|0|0|0/0|0|0|2|0|0.0
7238|5|5,7|5,5|0|0|0/0|0|0|2|0|0.0
5840|2|5,5|5,5|0|0|0/0|0|0|0|0|0.0
7235|5|5,7|5,5|0|0|0/0|0|0|2|0|0.0
7276|1|5,5|5,5|0|0|0/0|0|0|0|0|0.0
7213|2|5,5|5,5|0|0|0/0|0|0|0|0|0.0
7183|2|5,5|5,5|0|0|0/0|0|0|0|0|0.0
608|1|5,5|5,5|0|0|0/0|0|0|0|0|0.0
5872|2|5,5|5,5|0|0|0/0|0|0|0|0|0.0
7482|1|5,5|5,5|0|0|0/0|0|0|0|0|0.0
7449|2|5,5|5,5|0|0|0/0|0|0|0|0|0.0
4479|2|5,5|5,5|0|0|0/0|0|0|0|0|0.0
7615|2|5,75|5,5|0|0|0/0|0|0|1|0|0.0
801|1|5,5|5,5|0|0|0/0|0|0|0|0|0.0
7619|3|5,5|5,5|0|0|0/0|0|0|0|0|0.0
256|2|5,75|5,5|0|0|0/0|0|0|1|0|0.0
7625|1|5,5|5,5|0|0|0/0|0|0|0|0|0.0
6047|3|5,67|5,5|0|0|0/0|0|0|1|0|0.0
7628|2|5,5|5,5|0|0|0/0|0|0|0|0|0.0
5365|5|5,3|5,4|0|0|0/0|0|1|1|0|0.0
6908|5|5,4|5,4|0|0|0/0|0|0|0|0|0.0
5750|5|5,7|5,4|0|0|0/0|0|0|3|0|0.0
4911|5|5,5|5,4|0|0|0/0|0|0|1|0|0.0
6638|5|5,5|5,4|0|0|0/0|0|0|1|0|0.0
5687|5|5,4|5,4|0|0|0/0|0|0|0|0|0.0
4964|5|6,2|5,4|0|4|0/0|0|0|0|0|0.0
5319|4|5,62|5,38|0|0|0/0|0|0|2|0|0.0
7294|3|5,33|5,33|0|0|0/0|0|0|0|0|0.0
4220|3|5,33|5,33|0|0|0/0|0|0|0|0|0.0
7161|3|5,5|5,33|0|0|0/0|0|0|1|0|0.0
7240|5|5,4|5,3|0|0|0/0|0|0|1|0|0.0
4312|5|6,1|5,3|0|4|0/0|0|0|0|0|0.0
7528|2|5,5|5,25|0|0|0/0|0|0|1|0|0.0
7175|2|5,25|5,25|0|0|0/0|0|0|0|0|0.0
5029|2|5,25|5,25|0|0|0/0|0|0|0|0|0.0
6252|4|5,5|5,25|0|0|0/0|0|0|2|0|0.0
2038|2|5,25|5,25|0|0|0/0|0|0|0|0|0.0
7547|2|5,5|5,25|0|0|0/0|0|0|1|0|0.0
1850|2|5,5|5,25|0|0|0/0|0|0|1|0|0.0
6660|5|5,3|5,2|0|0|0/0|0|0|1|0|0.0
6890|3|5,5|5,17|0|0|0/0|0|0|2|0|0.0
6892|5|5,4|5,1|0|0|0/0|0|0|3|0|0.0
7172|1|6,0|5,0|0|1|0/0|0|0|0|0|0.0
5603|1|5,0|5,0|0|0|0/0|0|0|0|0|0.0
5885|1|5,0|5,0|0|0|0/0|0|0|0|0|0.0
6977|2|5,25|5,0|0|0|0/0|0|0|1|0|0.0
791|1|5,0|5,0|0|0|0/0|0|0|0|0|0.0
5544|1|5,0|5,0|0|0|0/0|0|0|0|0|0.0
6632|4|5,25|5,0|0|0|0/0|0|0|2|0|0.0
7477|1|5,5|5,0|0|0|0/0|0|0|1|0|0.0
5888|1|5,0|5,0|0|0|0/0|0|0|0|0|0.0
4263|3|5,0|5,0|0|0|0/0|0|0|0|0|0.0
6485|1|5,5|5,0|0|0|0/0|0|0|1|0|0.0
7253|2|5,0|5,0|0|0|0/0|0|0|0|0|0.0
7575|1|5,0|5,0|0|0|0/0|0|0|0|0|0.0
4664|1|5,0|5,0|0|0|0/0|0|0|0|0|0.0
6344|1|6,0|5,0|0|1|0/0|0|0|0|0|0.0
7629|1|5,0|5,0|0|0|0/0|0|0|0|0|0.0
6662|5|6,1|4,7|0|7|0/0|0|0|0|0|0.0
572|3|6,33|4,67|0|5|0/0|0|0|0|0|0.0
6966|4|5,88|4,62|0|5|0/0|0|0|0|0|0.0
6225|1|5,0|4,5|0|0|0/0|0|0|1|0|0.0
7481|1|5,0|4,5|0|0|0/0|0|0|1|0|0.0
5116|5|6,0|4,4|0|8|0/0|0|0|0|0|0.0
133|4|5,62|4,38|0|5|0/0|0|0|0|0|0.0
6534|3|5,67|4,33|0|4|0/0|0|0|0|0|0.0
6462|5|6,3|4,1|0|11|0/0|0|0|0|0|0.0
2134|5|6,1|4,0|0|10|0/0|0|0|1|0|0.0
7332|5|5,8|3,8|0|10|0/0|0|0|0|0|0.0
4236|5|5,6|3,8|0|9|0/0|0|0|0|0|0.0
7457|2|5,75|3,75|0|4|0/0|0|0|0|0|0.0
7538|2|4,75|3,5|0|0|0/0|0|0|1|0|0.0
2521|5|5,9|3,4|0|12|0/0|0|0|1|0|0.0
6248|5|6,0|3,4|0|13|0/0|0|0|0|0|0.0
4485|3|5,17|2,83|0|7|0/0|0|0|0|0|0.0
6682|1|5,0|1,0|0|4|0/0|0|0|0|0|0.0
