id|player_name|team_title|position|games|time|goals|assists|npxG|xG|xA|shots|key_passes|xGChain|xGBuildup|yellow_cards|red_cards|npg
9749|Donyell Malen|Roma|F|5|352|6|0|5.867|5.867|0.497|20|7|7.502|1.315|1|0|6
7006|Lautaro Martínez|Inter|F|4|325|4|0|4.771|4.771|0.855|22|6|4.417|1.052|2|0|4
9539|Antonio Raimondo|Frosinone|F|5|427|4|0|3.012|3.012|0.433|14|3|3.455|0.085|2|0|4
14794|Gustavo Varela|Monza|F|4|341|4|0|1.859|2.62|1.108|11|6|3.716|0.825|1|0|3
4981|Davide Frattesi|Lazio|M S|5|386|3|0|1.749|1.749|0.992|8|5|3.198|0.583|0|0|3
8163|Daniel Maldini|Cagliari|F M|5|378|3|0|1.302|2.064|0.562|10|5|1.563|0.737|0|0|2
11882|Giorgi Kvernadze|Frosinone|M|5|445|3|1|1.735|1.735|1.391|13|12|3.451|1.232|1|0|3
11978|Diego Moreira|AC Milan|D S|3|127|3|0|0.872|0.872|0|5|0|1.568|0.696|0|0|3
13072|Vasilije Adzic|Sassuolo|M S|5|226|3|1|1.697|1.697|0.809|11|12|2.463|1.107|0|0|3
13847|Franco Mastantuono|Fiorentina|F M|5|385|3|0|2.342|2.342|0.789|22|10|3.431|1.014|1|0|3
189|Hakan Calhanoglu|Inter|M S|3|136|2|0|0.089|0.089|0.55|3|5|2.353|1.978|1|0|2
3291|Adrien Rabiot|AC Milan|M S|5|306|2|2|0.966|0.966|0.362|4|3|2.941|2.029|0|0|2
3334|Lassana Coulibaly|Lecce|F M|5|450|2|1|1.581|1.581|0.144|6|5|2.338|0.917|0|0|2
3729|Hassane Kamara|Udinese|D|5|432|2|1|0.695|0.695|0.279|9|3|1.686|0.737|0|0|2
5992|Marcus Thuram|Inter|F S|4|224|2|2|3.359|3.359|1.011|15|6|4.739|1.66|0|0|2
6960|Bremer|Juventus|D|5|450|2|0|1.064|1.064|0.664|4|5|0.951|0.855|0|0|2
7482|Kouadio Kone|Roma|M S|5|329|2|0|1.071|1.071|0.295|6|6|2.756|1.675|1|0|2
7700|Che Adams|Torino|F S|3|196|2|0|0.854|0.854|0.149|3|2|1.055|0.255|0|0|2
9762|Milutin Osmajic|Genoa|F S|4|293|2|0|1.098|1.098|0.503|6|4|1.76|0.159|0|0|2
9965|Matìas Soulè Malvano|Roma|M S|5|280|2|1|2.105|2.105|0.515|16|5|5.529|3.181|0|0|2
9993|Jurgen Ekkelenkamp|Udinese|M|5|439|2|1|1.147|1.147|0.557|14|2|2.894|1.343|0|0|2
10328|Edon Zhegrova|Juventus|S|4|67|2|1|0.532|0.532|0.929|5|8|0.791|0.038|0|0|2
11055|Rasmus Højlund|Napoli|F|5|375|2|0|1.498|1.498|0.015|8|1|1.587|0.17|0|0|2
11418|Alphadjo Cissè|AC Milan|M S|4|233|2|0|0.481|0.481|0.136|7|2|1.101|0.495|1|0|2
11470|Niccolò Pisilli|Roma|M S|4|146|2|0|0.781|0.781|0.205|3|3|1.617|0.712|1|0|2
12030|Tasos Douvikas|Como|F S|5|323|2|0|3.623|3.623|0.348|13|5|3.788|0.579|0|0|2
12081|Assane Diao|Como|M S|5|341|2|1|0.797|0.797|1.566|10|13|3.636|1.436|1|0|2
12378|Tijjani Noslin|Lazio|F S|4|177|2|0|1.832|1.832|0.046|5|1|2.732|0.98|0|0|2
13396|Tiago Gabriel|Lecce|D S|4|243|2|0|1.219|1.219|0|2|0|0.8|0.8|0|0|2
13446|Mateo Pellegrino|Fiorentina|F S|5|355|2|0|0.74|0.74|0.329|5|6|1.668|0.598|1|0|2
13934|Martin Baturina|Como|M|5|285|2|1|0.596|0.596|0.427|11|4|2.262|1.498|1|0|2
14003|Francesco Pio Esposito|Inter|F S|5|298|2|1|2.307|2.307|0.502|13|4|3.255|0.545|0|0|2
14808|David Romero|Parma Calcio 1913|F S|4|167|2|0|0.965|0.965|0|8|0|0.965|0|0|0|2
447|Kevin De Bruyne|Napoli|M S|5|257|1|1|0.709|0.709|1.361|5|13|3.356|2.679|0|0|1
1386|Piotr Zielinski|Inter|M S|5|356|1|1|0.62|0.62|0.785|10|3|3.234|2.224|0|0|1
1409|Nicolò Barella|Inter|M|5|450|1|1|0.621|0.621|1.772|8|13|5.205|4.53|1|0|1
1424|Federico Bernardeschi|Bologna|F M S|5|368|1|0|0.909|0.909|1.529|12|7|2.397|0.652|0|0|1
1473|Matteo Politano|Napoli|F M|5|346|1|1|0.467|0.467|0.943|3|6|2.283|1.702|1|0|1
1612|Domenico Berardi|Sassuolo|F M S|4|213|1|0|1.023|1.023|0.252|9|4|1.984|1.018|0|0|1
1814|Giacomo Calo|Frosinone|M|5|439|1|1|0.512|0.512|1.219|8|21|2.294|1.787|0|0|1
1958|Mattia Zaccagni|Lazio|F|5|447|1|2|1.509|2.27|1.895|16|8|3.994|1.463|2|0|0
2662|Christian Pulisic|AC Milan|M S|2|111|1|1|0.456|0.456|1.26|3|6|1.821|1.053|1|0|1
3821|Rolando Mandragora|Fiorentina,Torino|M S|5|294|1|1|0.356|0.356|0.162|8|6|1.196|1.049|0|0|1
6125|Stanislav Lobotka|Napoli|M|5|443|1|0|0.445|0.445|0.403|4|3|2.271|1.866|0|0|1
6136|Mario Hermoso|Roma|D|5|424|1|0|0.15|0.15|1.097|2|6|4.808|3.777|2|0|1
6253|Gianluca Scamacca|Atalanta|F S|5|263|1|0|0.338|0.338|0.249|6|4|0.813|0.303|0|0|1
6414|Yann Bisseck|Inter|D S|4|277|1|0|0.546|0.546|0.114|5|3|1.441|0.881|0|0|1
6718|Andrea Colpani|Monza|F M S|4|256|1|0|1.074|1.074|0.641|6|6|1.515|0.494|0|0|1
7074|Nicolás González|Juventus|D M S|4|228|1|0|0.331|0.331|0.25|8|5|0.422|0.104|0|0|1
7234|John Yeboah|Venezia|F S|5|382|1|0|1.704|2.465|1.347|13|10|3.055|0.629|0|0|1
7375|Roberto Piccoli|Bologna|F|5|366|1|0|1.757|1.757|0.12|10|3|1.908|0.548|1|0|1
7500|Giacomo Raspadori|Atalanta|F S|4|179|1|0|0.409|0.409|0.144|8|3|0.591|0.283|0|0|1
7969|Sebastiano Esposito|Sassuolo|F|2|144|1|0|0.363|0.363|0.771|4|4|1.455|0.772|0|0|1
7988|Billy Gilmour|Napoli|M S|3|187|1|0|0.096|0.096|0|2|0|2.006|1.956|0|0|1
8341|Lazar Samardzic|Atalanta|M S|5|258|1|0|0.614|0.614|0.331|10|7|0.992|0.392|0|0|1
9061|Pontus Almqvist|Parma Calcio 1913|S|5|72|1|1|0.411|0.411|0.335|1|3|0.82|0.073|1|0|1
9071|Matteo Cancellieri|Lazio|F S|5|300|1|0|0.769|0.769|0.589|7|5|2.121|0.79|1|0|1
9806|Ricardo Mangas|Monza|D F|5|376|1|2|1.117|1.117|1.037|3|8|4.234|2.14|0|0|1
9969|Teun Koopmeiners|Juventus|M S|5|121|1|1|0.162|0.162|0.45|5|1|0.156|0.058|0|0|1
9985|Johan Vásquez|Genoa|D|4|348|1|0|0.104|0.104|0.058|3|1|0.899|0.799|0|1|1
10084|Cristian Volpato|Sassuolo|F|3|189|1|0|0.246|0.246|0.835|5|8|0.94|0.486|1|0|1
10241|Antonio Vergara|Napoli|M S|3|138|1|1|1.026|1.026|0.476|3|2|1.672|0.17|1|0|1
10366|Albert Gudmundsson|Fiorentina,Lazio|F S|4|107|1|0|0.386|0.386|0.931|6|7|1.316|0.049|1|0|1
10404|Éderson|Atalanta|M|5|419|1|0|0.134|0.134|0.147|5|2|1.04|0.838|0|0|1
10881|James Abankwah|Udinese|D|5|440|1|0|0.444|0.444|0.054|2|2|1.872|1.872|1|0|1
10891|Carlos Augusto|Inter|D S|3|147|1|1|0.132|0.132|0.483|2|4|1.424|1|0|0|1
10993|Federico Gatti|Juventus|S|1|1|1|0|0.45|0.45|0|1|0|0.065|0.065|1|0|1
11023|Josh Doig|Sassuolo|D|5|417|1|0|0.18|0.18|0.46|4|5|2.295|1.985|0|0|1
11541|Nico Paz|Como|M|5|427|1|1|1.57|1.57|1.353|27|10|4.008|2.788|0|0|1
11736|Artem Dovbyk|Bologna|S|3|76|1|0|1.03|1.03|0.395|4|1|1.853|0.428|1|0|1
11767|Gonçalo Ramos|AC Milan|F|5|447|1|1|2.33|2.33|0.626|14|4|4.211|1.318|0|0|1
11783|Akor Adams|Venezia|F|5|417|1|0|1.58|1.58|0.023|17|2|2.027|0.486|0|0|1
11902|Pietro Comuzzo|Torino|D|4|339|1|0|0.633|0.633|0.077|2|2|1.843|1.485|0|0|1
12008|Nikola Krstovic|Atalanta|F S|5|187|1|0|0.842|0.842|0.064|6|3|1.115|0.217|1|0|1
12168|Alejandro Jiménez|Fiorentina|D S|4|293|1|1|0.366|0.366|0.528|3|6|1.789|1.269|1|0|1
12436|Jacobo Ramón|Como|D|5|450|1|0|1.414|1.414|0.522|4|3|3.266|2.751|0|0|1
12784|Ange-Yoan Bonny|Inter|S|4|62|1|0|1.053|1.053|0|3|0|1.204|0.151|0|0|1
12785|Antoine Hainaut|Venezia|D|5|447|1|1|0.891|0.891|1.646|6|7|2.556|0.715|0|0|1
12853|Jesper Karlström|Udinese|M|5|450|1|0|0.324|0.324|0.074|3|4|1.701|1.617|2|0|1
12874|Richie Sagrado|Venezia|D S|4|163|1|0|1.045|1.045|0|4|0|1.074|0.107|0|0|1
13052|Francisco Conceição|Juventus|M|5|374|1|1|1.521|1.521|0.604|12|8|2.036|0.416|1|0|1
13342|Alessandro Romano|Cagliari|M|5|446|1|0|0.199|0.199|0.327|7|3|0.743|0.597|0|0|1
13582|Jay Robinson|Monza|M S|4|240|1|0|0.728|0.728|0.098|6|2|2.884|2.058|0|0|1
13811|Idrissa Gueye|Udinese|F S|4|177|1|0|1.364|1.364|0.163|10|3|2.102|0.618|0|0|1
13878|Olaf Gorter|Lecce|M|2|112|1|0|0.062|0.062|0.03|1|1|0.062|0|0|0|1
13955|Jakub Piotrowski|Udinese|M|3|150|1|0|0.341|0.341|0.221|4|3|0.601|0.309|2|0|1
14085|Cas Odenthal|Sassuolo|D|1|90|1|0|0.523|0.523|0.012|1|1|0.777|0.254|0|0|1
14403|Sandro Kulenovic|Torino|S|3|52|1|0|0.375|0.375|0|3|0|0.444|0.069|0|0|1
14417|Kieron Bowie|Sassuolo|F S|5|297|1|0|1.575|1.575|0.845|9|8|2.379|0.687|0|0|1
14445|Paul Mendy|Cagliari|F|5|370|1|0|1.231|1.231|0.161|9|3|1.479|0.099|0|0|1
14798|Kaiki|Como|D S|3|107|1|0|0.776|0.776|0.135|4|3|1.102|0.378|0|0|1
14804|Simone Lontani|Parma Calcio 1913|F M S|5|327|1|0|0.66|0.66|0.453|5|1|0.722|0.197|0|0|1
14888|Gabriele Bracaglia|Frosinone|D|5|426|1|1|0.498|0.498|0.539|7|6|2.838|2.112|3|0|1
14918|Rodrigo Mora|Roma|M S|4|170|1|0|1.043|1.043|0.87|9|4|1.883|0.511|0|0|1
15079|Exequiel Zeballos|Monza|S|1|24|1|0|0.058|0.058|0|2|0|0.048|0.048|0|0|1
116|Florian Grillitsch|Frosinone|S|1|5|0|0|0|0|0|0|0|0|0|0|0|0
308|Ricardo Rodríguez|Torino|S|1|16|0|0|0|0|0|0|0|0|0|0|0|0
317|Henrikh Mkhitaryan|Inter|M|1|63|0|0|0.59|0.59|0.113|6|2|0.871|0.347|1|0|0
342|Sead Kolasinac|Atalanta|D S|4|240|0|0|0.02|0.02|0|1|0|0.077|0.077|0|0|0
546|David de Gea|Fiorentina|GK|5|450|0|0|0|0|0.294|0|1|0.66|0.366|1|0|0
586|John Stones|Inter|D S|3|97|0|0|0.095|0.095|0|2|0|0.824|0.824|0|0|0
688|Ruben Loftus-Cheek|AC Milan|M S|5|213|0|0|0.292|0.292|1.189|5|8|1.001|0.342|1|0|0
697|Nemanja Matic|Sassuolo|M|5|404|0|1|0.092|0.092|0.996|4|7|3.8|3.438|1|0|0
971|Harry Winks|Cagliari|M|5|419|0|0|0.177|0.177|0|4|0|1.189|1.1|0|0|0
1053|Keinan Davis|Udinese|F|4|267|0|2|0.445|0.445|1.075|6|5|1.685|0.66|1|0|0
1093|Mattia Perin|Juventus|S|1|1|0|0|0|0|0|0|0|0|0|0|0|0
1102|Giovanni Simeone|Torino|F S|5|342|0|0|0.963|0.963|0.076|9|1|1.458|0.453|0|0|0
1122|Manuel Locatelli|Juventus|M|3|270|0|1|0.573|0.573|0.108|2|6|1.039|0.438|1|0|0
1134|Mario Pasalic|Atalanta|M S|4|177|0|0|0|0|0.078|0|2|0.365|0.287|0|0|0
1148|Duván Zapata|Torino|S|2|10|0|0|0|0|0|0|0|0|0|0|0|0
1168|Bryan Cristante|Roma|M|5|425|0|0|0.428|0.428|0.051|8|1|4.604|4.311|0|0|0
1178|Davide Zappacosta|Atalanta|D S|3|196|0|0|0.075|0.075|0|2|0|0.37|0.295|0|0|0
1193|Lorenzo De Silvestri|Bologna|S|1|30|0|0|0|0|0|0|0|0|0|0|0|0
1247|Juan Jesus|Venezia|D S|2|109|0|0|0|0|0|0|0|0.018|0.018|1|0|0
1252|Stephan El Shaarawy|Genoa|S|2|54|0|0|0|0|0|0|0|0.101|0.101|0|0|0
1294|Paulo Dybala|Roma|F M|5|413|0|4|1.865|1.865|4.206|18|20|8.697|3.43|0|0|0
1304|Moise Kean|Como,Fiorentina|F S|4|152|0|1|0.609|0.609|0.383|6|2|1.026|0.343|0|0|0
1305|Lukasz Skorupski|Bologna|GK|4|360|0|0|0|0|0|0|0|0.76|0.76|0|0|0
1324|Federico Dimarco|Inter|D M S|5|322|0|1|0.757|0.757|1.875|7|14|3.003|1.077|0|0|0
1489|Franck Kessié|Atalanta|M S|3|170|0|0|0.584|0.584|0.077|3|2|1.203|0.602|1|0|0
1496|Roberto Gagliardini|Cagliari|S|2|18|0|0|0|0|0.058|0|1|0.058|0|0|0|0
1500|Leonardo Spinazzola|Napoli|D S|4|300|0|0|0.14|0.14|0.295|3|5|1.457|1.045|0|0|0
1634|Alessandro Deiola|Cagliari|D M|5|445|0|0|0.264|0.264|0|1|0|1.058|1.058|2|0|0
1710|Marten de Roon|Roma|S|2|28|0|0|0|0|0.034|0|1|0.147|0.113|0|0|0
1725|Christian Kabasele|Udinese|D S|3|215|0|0|0.601|0.601|0|2|0|1.066|1.066|0|0|0
1892|Alex Meret|Napoli|GK|3|270|0|0|0|0|0|0|0|0.106|0.106|0|0|0
1898|Stefano Sabelli|Genoa|M|1|47|0|0|0|0|0|0|0|0.118|0.118|0|0|0
2250|Luka Modric|AC Milan|M S|5|320|0|0|0|0|0.532|0|5|2.248|2.248|0|0|0
2521|Alfonso|Lazio|D S|4|112|0|0|0.032|0.032|0.04|2|2|0.292|0.249|0|0|0
2624|Djibril Sow|Genoa|M S|5|323|0|1|0.104|0.104|0.278|1|8|0.77|0.665|1|0|0
3363|Benjamin Pavard|Inter|D S|2|117|0|0|0.045|0.045|0.134|1|1|1.84|1.705|0|0|0
3544|Jeremie Boga|Juventus|M S|3|102|0|0|0.018|0.018|0.065|1|2|0.083|0|0|0|0
3737|Mike Maignan|AC Milan|GK|5|450|0|0|0|0|0|0|0|0.668|0.668|0|0|0
4291|Marc-Oliver Kempf|Como|D S|2|111|0|0|0.043|0.043|0.02|2|1|0.584|0.584|0|0|0
4895|Andrea Pinamonti|Lazio|F S|4|106|0|0|0.106|0.106|0|1|0|0.227|0.121|0|0|0
4911|Alessio Zerbin|Frosinone|S|4|75|0|0|0.15|0.15|0.02|2|1|0.483|0.313|0|0|0
4918|Patrick Cutrone|Monza|M S|4|191|0|0|0.768|0.768|0.38|4|4|1.458|0.391|0|0|0
4920|Matteo Gabbia|AC Milan|S|2|15|0|0|0|0|0|0|0|0|0|0|0|0
4939|Alessandro Bastoni|Inter|D|5|400|0|0|0.21|0.21|0.663|3|5|3.974|3.562|1|0|0
4952|Filippo Delli Carri|Monza|S|2|28|0|0|0|0|0|0|0|0.34|0.34|0|0|0
4984|Wladimiro Falcone|Lecce|GK|5|450|0|0|0|0|0|0|0|0.026|0.026|1|0|0
5136|Estupiñán|AC Milan|D S|5|281|0|0|0.419|0.419|0.072|5|2|1.227|1.063|1|0|0
5311|Vincent Sierro|Parma Calcio 1913|M S|3|190|0|0|0.05|0.05|0.388|1|1|1.015|0.627|0|0|0
5360|Weston McKennie|Juventus|M|2|177|0|0|0.266|0.266|0.108|3|1|0.535|0.246|0|0|0
5560|Scott McTominay|Napoli|M|2|150|0|0|0.176|0.176|0.11|2|2|0.883|0.598|0|0|0
5610|Jean Butez|Como|GK|4|360|0|0|0|0|0|0|1|0.974|0.974|0|0|0
5712|Diego Carlos|Parma Calcio 1913|D|3|223|0|0|0.057|0.057|0|1|0|1.282|1.282|0|0|0
5743|Randal Kolo Muani|Juventus|F|5|450|0|1|1.234|1.234|0.214|11|3|1.543|1.047|0|0|0
6122|Douglas Luiz|Juventus|M|5|431|0|0|0.239|0.239|0.835|11|7|1.741|1.198|1|0|0
6159|Gianluca Mancini|Roma|D|5|396|0|2|0.961|0.961|1.853|4|5|4.591|1.856|0|0|0
6160|Riccardo Orsolini|Bologna|M S|3|96|0|0|0|0|0.159|0|2|0.061|0.026|0|0|0
6167|Vanja Milinkovic-Savic|Napoli|GK|2|180|0|0|0|0|0|0|0|0.431|0.431|0|0|0
6176|Adam Marusic|Lazio|D|1|18|0|0|0|0|0|0|0|0.024|0.024|0|0|0
6180|Manuel Lazzari|Lazio|S|3|22|0|0|0.021|0.021|0|1|0|0.021|0|0|0|0
6276|Nikola Vlasic|Torino|F M|5|430|0|0|0.3|0.3|0.275|6|2|1.916|1.395|0|0|0
6332|Willem Geubbels|Lecce|F|2|133|0|0|0.258|0.258|0|2|0|0.228|0|0|0|0
6368|Mathías Olivera|Napoli|D S|4|160|0|0|0.977|0.977|0.217|6|3|2.534|1.367|0|0|0
6412|Raoul Bellanova|Atalanta|D S|4|281|0|0|0.012|0.012|0.161|1|2|1.142|0.969|1|0|0
6434|Franck Zambo|Napoli|M S|4|242|0|0|1.275|1.275|0.053|5|1|1.921|0.645|0|0|0
6490|Manuel Akanji|Inter|D|5|416|0|1|1.141|1.141|0.755|7|2|2.698|2.658|2|0|0
6507|Semuel Pizzignacco|Monza|GK|1|90|0|0|0|0|0|0|0|0|0|0|0|0
6521|Yerry Mina|Cagliari|D|1|90|0|0|0|0|0|0|0|0.024|0.024|0|0|0
6615|Trevoh Chalobah|Como|D|4|360|0|0|0.178|0.178|0.02|2|1|1.506|1.403|0|0|0
6618|Oumar Solet|Udinese|D|3|217|0|0|0|0|0.12|0|2|0.306|0.186|0|0|0
6665|Curtis Jones|Inter|M S|4|147|0|0|0.051|0.051|0.145|2|3|1.955|1.759|0|0|0
6686|Nicolo Zaniolo|Udinese|M|2|137|0|0|0.315|0.315|0.66|5|5|1.022|0.112|1|0|0
6692|Enrico Del Prato|Parma Calcio 1913|D|5|450|0|0|0.133|0.133|0.078|3|4|0.431|0.356|2|0|0
6696|Luca Ranieri|Fiorentina|D|3|266|0|0|0.062|0.062|0.223|1|1|0.208|0.208|1|0|0
6697|Armand Lauriente|Sassuolo|F M|5|450|0|1|1.721|1.721|1.547|19|7|4.031|1.371|1|0|0
6706|Ndary Adopo|Cagliari|D M|5|450|0|2|0.163|0.163|0.694|4|8|1.198|0.5|0|0|0
6872|Mehmet Zeki Çelik|Juventus|D|5|432|0|1|0.058|0.058|0.872|2|6|1.828|0.995|1|0|0
6902|Toma Basic|Venezia|M|2|155|0|0|0|0|0.56|0|3|0.303|0.303|0|0|0
6976|Demba Thiam|Monza|GK|3|270|0|0|0|0|0.035|0|1|0.223|0.188|0|0|0
6978|Giovanni Di Lorenzo|Napoli|D|5|450|0|1|0.012|0.012|0.436|1|3|3.238|3.203|1|0|0
6986|Hamed Junior Traore|Genoa|S|1|2|0|0|0|0|0.058|0|1|0.058|0.058|0|0|0
7005|Jens Odgaard|Bologna|M S|5|259|0|0|0.8|0.8|0.149|6|2|0.497|0.183|1|0|0
7007|Duje Caleta-Car|Sassuolo|D S|2|99|0|0|0|0|0|0|0|0.706|0.706|0|0|0
7027|Arijanet Muric|Sassuolo|GK|5|450|0|0|0|0|0|0|0|1.216|1.216|0|0|0
7049|Evan Ndicka|Roma|D S|3|185|0|0|0.512|0.512|0|2|0|1.512|1.061|1|0|0
7087|Elia Caprile|Cagliari|GK|5|450|0|0|0|0|0|0|0|0.316|0.316|0|0|0
7208|Samuel Chukwueze|AC Milan|D S|5|383|0|2|0.384|0.384|1.435|6|10|3.598|2.146|0|0|0
7224|Boulaye Dia|Lazio|F|2|167|0|1|0|0|0.543|0|4|0.782|0.362|1|0|0
7240|Benoit Badiashile Mukinayi|Napoli|S|1|6|0|0|0|0|0|0|0|0|0|0|0|0
7284|Marco Brescianini|Fiorentina|M S|4|131|0|0|0.015|0.015|0|1|0|0.015|0|0|0|0
7286|Juan Miranda|Bologna|D S|4|311|0|1|0.038|0.038|1.084|1|9|1.738|1.406|0|0|0
7328|Maxence Caqueret|Como|S|4|86|0|0|0|0|0.362|0|3|0.924|0.587|1|0|0
7379|Nicolo Fagioli|Fiorentina|M S|5|360|0|1|0.184|0.184|0.533|6|3|1.807|1.24|1|0|0
7411|Nicolo Rovella|Lazio|M|2|126|0|0|0.038|0.038|0.044|1|2|0.139|0.139|0|0|0
7486|Leonardo Balerdi|Roma|D S|3|181|0|0|0.069|0.069|0|1|0|0.499|0.499|0|0|0
7507|Gianluca Gaetano|Atalanta|M S|4|287|0|1|0.011|0.011|0.144|1|2|0.251|0.096|0|1|0
7530|Samuele Ricci|Como|S|3|57|0|0|0.088|0.088|0.393|1|2|1.367|1.2|0|0|0
7576|Nicolò Cambiaghi|Bologna|F M|5|368|0|0|0.417|0.417|0.257|8|5|0.791|0.409|1|0|0
7627|Andrea Ghion|Sassuolo|S|1|7|0|0|0|0|0|0|0|0|0|0|0|0
7785|Kingsley Ehizibue|Genoa|D S|3|149|0|0|0.098|0.098|0.091|3|1|0.166|0|1|0|0
7911|Aleksa Terzic|Frosinone|S|2|24|0|0|0.013|0.013|0.137|1|1|0.171|0.02|0|0|0
7912|Eljif Elmas|Atalanta|F S|4|112|0|0|0|0|0.017|0|1|0.017|0.017|0|0|0
7924|Amir Rrahmani|Napoli|D|5|450|0|1|0.057|0.057|0.069|4|1|2.112|2.092|0|0|0
8009|Antonino Gallo|Lecce|D|4|318|0|0|0.011|0.011|0.101|1|2|0.098|0.078|0|0|0
8058|Thierry Correia|Venezia|D S|4|182|0|0|0.557|0.557|0.065|5|3|0.755|0.21|1|0|0
8090|Lloyd Kelly|Juventus|D S|4|146|0|0|0.119|0.119|0|1|0|0.191|0.191|0|0|0
8117|Nick Woltemade|Juventus|S|3|44|0|0|0.34|0.34|0.367|3|1|0.576|0.115|0|0|0
8182|Lucas Da Cunha|Como|M S|5|325|0|0|0.369|0.369|0.688|9|9|3.507|2.833|0|0|0
8197|Ilario Monterisi|Frosinone|D S|5|267|0|0|0.237|0.237|0.142|5|3|0.558|0.528|0|0|0
8232|Andrea Carboni|Monza|D|5|444|0|0|0.458|0.458|0.609|4|2|2.609|1.839|0|0|0
8290|Edoardo Corvi|Parma Calcio 1913|GK|5|450|0|0|0|0|0|0|0|0.36|0.36|0|0|0
8294|El Bilal Touré|Parma Calcio 1913|F M|5|380|0|1|0.539|0.539|0.081|5|2|0.705|0.222|0|0|0
8297|Alexis Saelemaekers|AC Milan|M S|4|185|0|1|0.165|0.165|1.429|2|4|3.081|1.487|0|0|0
8303|Marin Pongracic|Fiorentina|D S|3|69|0|0|0|0|0|0|0|0.103|0.103|0|0|0
8308|Filip Stankovic|Venezia|GK|5|450|0|0|0|0|0|0|0|0.366|0.366|0|0|0
8313|Pierre Kalulu Kyatengwa|Juventus|D|5|450|0|0|0.076|0.076|0.142|1|4|1.188|0.987|0|0|0
8326|Maduka Okoye|Udinese|GK|5|450|0|0|0|0|0|0|0|0.519|0.519|0|0|0
8470|Kike Pérez|Venezia|M|5|425|0|0|0.022|0.022|0.947|1|11|1.06|0.449|2|0|0
8478|Lorenzo Colombo|Genoa|F S|5|322|0|2|0.133|0.894|1.498|5|6|1.759|0.679|0|0|0
8512|Filippo Terracciano|AC Milan|S|1|1|0|0|0|0|0|0|0|0|0|0|0|0
8530|Giuseppe Aurelio|Cagliari|S|1|1|0|0|0|0|0|0|0|0|0|0|0|0
8554|Rafael Obrador|Sassuolo|S|2|33|0|0|0|0|0|0|0|0.064|0.064|0|0|0
8626|Nikola Moro|Bologna|S|4|82|0|0|0|0|0.026|0|1|0.978|0.952|0|0|0
8632|Enzo Ebosse|Udinese|D S|5|381|0|0|0.019|0.019|0.898|1|5|1.491|1.198|0|0|0
8636|Jonathan Christian David|Juventus|F|1|61|0|0|0|0|0|2|1|0|0|0|0|0
8642|Strahinja Pavlovic|AC Milan|D|5|450|0|1|0.705|0.705|0.295|5|1|3.645|3.042|2|0|0
8725|Luis Milla|Como|M S|5|275|0|0|0.062|0.062|0.765|1|7|0.893|0.831|0|0|0
8728|Oier Zarraga|Udinese|S|3|39|0|0|0|0|0|0|0|0.096|0.096|0|0|0
8768|Kevin Omoruyi|Cagliari|S|3|71|0|0|0|0|0|0|0|0.016|0.016|1|0|0
8771|Yunus Musah|AC Milan|M S|5|326|0|0|0.601|0.601|0.028|1|1|1.158|1.158|0|0|0
8819|Mergim Vojvoda|Udinese|D|5|432|0|0|0.128|0.128|0.729|3|8|2.733|2.031|0|0|0
8828|Ivan Ilic|Lecce|M S|4|221|0|2|0.085|0.085|0.648|2|3|0.287|0.186|1|0|0
8838|Junior Messias|Genoa|M S|5|204|0|0|0.505|0.505|0.269|11|4|0.558|0.262|0|0|0
8857|Gabriele Zappa|Cagliari|S|1|21|0|0|0|0|0.07|0|1|0.07|0.07|0|0|0
8858|Guglielmo Vicario|Juventus|GK|5|450|0|0|0|0|0|0|0|0.38|0.38|0|0|0
8867|Adrián Bernabé|Parma Calcio 1913|M S|3|178|0|0|0.024|0.024|0.051|1|3|0.613|0.58|0|0|0
8871|Marco Carnesecchi|Atalanta|GK|5|450|0|0|0|0|0|0|0|0.467|0.467|0|0|0
8912|Tommaso Pobega|Bologna|M|4|262|0|0|0.239|0.239|0.062|6|2|0.618|0.348|0|0|0
8963|Nahuel Molina|Roma|D S|4|215|0|1|0.129|0.129|0.99|3|7|3.979|3.491|0|0|0
8967|Lautaro Valenti|Parma Calcio 1913|S|1|41|0|0|0|0|0|0|0|0.135|0.135|0|0|0
8980|Luis Henrique|Inter|D S|3|121|0|0|0.087|0.087|0|2|0|0.979|0.979|0|0|0
9021|Pape Sarr|Juventus|S|2|62|0|0|0.068|0.068|0|2|0|0.818|0.75|0|0|0
9029|Simon Sohm|Venezia|M S|4|244|0|0|0.109|0.109|0.084|2|4|0.202|0.158|2|0|0
9036|Nicola Zalewski|Atalanta|F S|3|118|0|1|0.158|0.158|0.095|3|3|0.433|0.18|0|0|0
9052|Josep Martínez|Inter|GK|5|450|0|0|0|0|0|0|0|1.163|1.163|0|0|0
9069|Romano Schmid|Frosinone|M|5|377|0|3|0.039|0.039|0.981|2|4|2.78|2.208|2|0|0
9090|Ardian Ismajli|Torino|D S|4|251|0|0|0|0|0|0|0|0.75|0.75|0|0|0
9098|Robert Sánchez|Como|GK|1|90|0|0|0|0|0|0|0|0.554|0.554|0|0|0
9105|Radu Dragusin|Fiorentina|D|5|450|0|1|0.227|0.227|0.051|3|1|1.707|1.655|1|0|0
9107|Giorgio Scalvini|Atalanta|D|5|450|0|0|0.028|0.028|0|1|0|0.758|0.758|0|0|0
9329|Riccardo Ciervo|Cagliari,Sassuolo|S|2|6|0|0|0.048|0.048|0|1|0|0.034|0.034|0|0|0
9447|Niakhate Ndiaye|Parma Calcio 1913|D|1|90|0|0|0.453|0.453|0|1|0|0.024|0.024|0|0|0
9495|Wisdom Amey|Frosinone|S|2|2|0|0|0|0|0|0|0|0|0|0|0|0
9523|Andy Diouf|Inter|D M|4|346|0|3|0.136|0.136|1.784|4|13|2.664|1.794|0|0|0
9561|Nicolò Bertola|Udinese|S|3|45|0|0|0|0|0|0|0|0.026|0.026|1|0|0
9691|Nuno Tavares|Lazio|D S|5|339|0|2|0.535|0.535|1.141|7|6|2.471|0.946|0|0|0
9710|Armel Bella Kotchap|Venezia|D|3|195|0|0|0.503|0.503|0|2|0|0.328|0.319|0|0|0
9714|Odilon Kossounou|Atalanta|D|4|360|0|0|0.039|0.039|0|1|0|0.463|0.463|0|0|0
9841|Andrea Cambiaso|Juventus|S|2|28|0|0|0|0|0|0|0|0|0|1|0|0
9866|Nadir Zortea|Bologna|D S|3|176|0|0|0.035|0.035|0|1|0|0.149|0.114|0|0|0
9876|Alessandro Zanoli|Udinese|S|1|18|0|0|0.016|0.016|0.122|1|2|0.138|0.028|0|0|0
9886|Nicolas Galazzi|Monza|S|1|19|0|0|0.017|0.017|0|1|0|0.068|0.068|0|0|0
9893|Youssef Maleh|Lecce|M S|5|247|0|0|0.225|0.225|0.182|4|2|0.401|0.212|0|0|0
9904|Gianluca Busio|Venezia|M|4|313|0|2|0.328|0.328|0.312|5|5|2.01|1.722|1|0|0
9951|Tommaso Baldanzi|Genoa|M|5|336|0|0|0.746|0.746|0.097|10|2|1.431|0.704|0|0|0
9952|Ridgeciano Haps|Venezia|D S|4|262|0|1|0.574|0.574|0.526|1|3|1.302|0.229|1|0|0
9964|Koni de Winter|AC Milan|D|5|450|0|0|0.832|0.832|0|4|0|2.859|2.859|1|0|0
9983|Beto|Fiorentina|F S|3|95|0|1|0.791|0.791|0.036|5|1|0.927|0.1|0|0|0
9999|Arthur Theate|Bologna|D|3|270|0|0|0.102|0.102|0|3|0|0.322|0.308|0|0|0
10013|Redouane Halal|Venezia|D S|2|133|0|0|0.056|0.056|0|1|0|0.107|0.107|1|0|0
10073|Adam Obert|Cagliari|D|5|450|0|0|0.149|0.149|0.219|3|4|0.585|0.322|0|0|0
10075|Romano Floriani|Lazio|D S|5|410|0|0|0.062|0.062|0.365|1|3|1.662|1.643|1|0|0
10172|Jonathan Rowe|Atalanta,Bologna|F S|3|201|0|0|0.764|0.764|0.085|7|2|0.496|0.194|0|0|0
10200|Rafa Marín|Napoli|D|5|441|0|0|0.114|0.114|0.095|3|1|2.217|2.202|1|0|0
10237|Leo Østigard|Genoa|D|5|426|0|0|0.177|0.177|0.017|4|1|0.871|0.853|3|0|0
10268|Giorgio Cittadini|Frosinone|D S|5|266|0|0|0.04|0.04|0|1|0|0.182|0.182|1|0|0
10292|Nathan Patterson|Torino|S|2|72|0|0|0|0|0|0|0|0.069|0.069|1|0|0
10303|Jacopo Fazzini|Cagliari|M|4|249|0|1|0.158|0.158|0.855|4|4|0.257|0.182|1|0|0
10348|Omari Hutchinson|AC Milan|S|1|11|0|0|0.018|0.018|0|1|0|0|0|0|0|0
10365|Morten Frendrup|Genoa|M|5|450|0|0|0.073|0.073|0.159|2|5|1.143|0.996|0|0|0
10382|Eray Cömert|Torino|D|4|320|0|1|0.023|0.023|0.024|1|1|1.017|0.97|0|0|0
10433|Cesare Casadei|Torino|M|1|70|0|0|0|0|0|0|0|0|0|0|0|0
10577|Mario Gila|AC Milan|D|5|436|0|0|0.707|0.707|0.206|1|4|2.606|2.56|1|0|0
10724|Diogo Leite|Lazio|S|1|4|0|0|0|0|0|0|0|0|0|0|0|0
10725|Danilho Doekhi|Lazio|D|3|270|0|1|0.966|0.966|0.146|3|2|0.397|0.251|0|0|0
10733|Bartol Franjic|Venezia|D|2|137|0|0|0.437|0.437|0|2|0|0.475|0.475|0|0|0
10796|Zakaria Aboukhlal|Torino|S|2|23|0|0|0.323|0.323|0|2|0|0.323|0|0|0|0
10877|Charles De Ketelaere|Atalanta|F S|5|355|0|1|0.119|0.119|0.962|2|10|1.35|0.574|0|0|0
10878|Sandi Lovric|Udinese|S|1|9|0|0|0|0|0.026|0|1|0.364|0.364|0|0|0
10892|Samuele Birindelli|Monza|D|5|446|0|2|0.237|0.237|1.353|6|8|2.763|2.026|1|0|0
10895|Dany Mota|Monza|F S|3|101|0|0|0.868|0.868|0.202|4|4|1.419|0.372|0|0|0
10899|Emirhan Ilkhan|Torino|S|3|70|0|0|0|0|0.294|0|1|0.785|0.491|0|0|0
10906|Thórir Helgason|Venezia|M S|2|120|0|0|0.047|0.047|0.036|2|1|0.182|0.175|0|0|0
10908|Medon Berisha|Lecce|S|1|6|0|0|0.033|0.033|0|1|0|0.033|0|0|0|0
10935|Dodô|Fiorentina|D|1|90|0|0|0.012|0.012|0|1|0|0.016|0.016|0|0|0
10946|Yan Couto|Como|D|5|422|0|1|0.348|0.348|1.117|6|9|2.909|1.916|1|0|0
10956|Emil Holm|Bologna|D S|5|274|0|0|0.163|0.163|0.028|3|1|1.479|1.365|1|0|0
10957|Mikael Ellertsson|Genoa|D M|5|443|0|0|0.106|0.106|0.126|2|2|0.927|0.762|1|0|0
10967|Mile Svilar|Roma|GK|5|450|0|0|0|0|0|0|0|0.231|0.231|0|0|0
10985|Sulemana|Sassuolo|S|1|27|0|0|0|0|0|0|0|0.333|0.333|0|0|0
10994|Kristian Thorstvedt|Sassuolo|M S|5|216|0|0|0.945|0.945|0.106|7|2|1.722|1.525|0|0|0
11027|Emanuele Valeri|Parma Calcio 1913|D|5|450|0|0|0.037|0.037|1.557|2|9|1.179|0.046|0|0|0
11038|Jhon Lucumí|Juventus|D|4|305|0|0|0|0|0.018|1|1|0.493|0.475|2|0|0
11039|Lewis Ferguson|Bologna|M|5|450|0|0|0.459|0.459|0.989|3|5|2.43|1.883|0|0|0
11049|Reda Belahyane|Lazio|M S|4|324|0|0|0.046|0.046|0.161|1|3|1.374|1.236|1|0|0
11138|Costantino Favasuli|Napoli|S|2|57|0|1|0.584|0.584|0.441|3|2|1.44|0.415|0|0|0
11149|Aleksandar Stankovic|Inter|S|2|13|0|0|0.08|0.08|0|1|0|0|0|0|0|0
11155|Wilfried Gnonto|Fiorentina|S|3|77|0|0|0.181|0.181|0|3|0|1.012|0.899|0|0|0
11246|Amar Ahmed Fatah|Lecce|S|4|91|0|0|0.094|0.094|0.018|3|1|0.12|0.009|0|0|0
11278|Gvidas Gineitis|Torino|M|4|281|0|1|0.109|0.109|0.053|1|1|0.552|0.443|1|0|0
11283|Leonardo Colombo|Monza|S|1|25|0|0|0|0|0|0|0|0|0|1|0|0
11378|Máximo Perrone|Como|M S|5|261|0|1|0.289|0.289|0.625|5|8|2.544|1.912|0|0|0
11380|Vitinha|Genoa|M S|5|219|0|0|0.432|0.432|0|8|0|0.601|0.217|0|0|0
11520|Lorenzo Bernasconi|Atalanta|D S|3|183|0|0|0.039|0.039|0.054|1|2|0.402|0.345|0|0|0
11531|Unai Gómez|Udinese|M S|5|208|0|1|0.249|0.249|0.593|3|3|0.37|0.028|1|0|0
11586|Ebenezer Akinsanmiro|Monza|M S|4|268|0|1|0|0|0.459|0|4|2.345|2.207|0|0|0
11741|Saúl Coco|Torino|D|5|399|0|0|0.569|0.569|0.038|4|2|1.351|1.351|0|0|0
11768|Cher Ndour|Fiorentina|M S|5|401|0|1|0.239|0.239|0.572|5|5|1.618|0.827|0|0|0
11800|Arthur Atta|Fiorentina|M S|5|335|0|0|1.176|1.176|0.306|11|5|2.493|1.296|0|0|0
11877|Michael Folorunsho|Monza|M S|4|304|0|0|0.461|0.461|0.67|7|3|2.857|2.378|2|0|0
11879|Anthony Oyono|Frosinone|D S|5|380|0|1|0.241|0.241|0.521|7|4|1.47|0.935|1|0|0
11883|Gennaro Borrelli|Cagliari|S|2|31|0|0|0.086|0.086|0|2|0|0.139|0.069|0|0|0
11886|Lorenzo Palmisani|Frosinone|GK|5|450|0|0|0|0|0.107|0|2|0.904|0.797|0|0|0
11929|Luca Lipani|Sassuolo|M S|4|143|0|0|0|0|0|0|0|0.765|0.765|2|0|0
11936|Lorenzo Lucca|Napoli|S|5|75|0|0|0.189|0.189|1.018|3|3|1.762|0.689|0|0|0
11942|Kenan Yildiz|Juventus|M|1|72|0|0|0.132|0.132|0.239|2|3|0.788|0.601|0|0|0
11946|Mohamed Kaba|Lecce|S|2|23|0|0|0|0|0|0|0|0|0|0|0|0
11951|Gustav Isaksen|Lazio|F S|5|153|0|0|0.214|0.214|0.077|3|1|0.419|0.149|1|0|0
11958|Gaetano Oristanio|Torino|S|1|20|0|0|0.052|0.052|0.397|1|2|0.449|0|0|0|0
11962|Oussama El Azzouzi|Bologna|M|1|83|0|0|0|0|0.054|0|1|0.054|0|1|0|0
11964|Giovanni Fabbian|Parma Calcio 1913|M S|3|78|0|0|0.108|0.108|0.073|1|1|0.485|0.411|0|0|0
11967|Davide Bartesaghi|AC Milan|D S|3|128|0|0|0|0|0.702|0|4|1.272|0.711|0|0|0
12011|Seydou Fini|Frosinone|M S|4|187|0|0|0.371|0.371|0.23|2|3|0.715|0.195|0|0|0
12012|Marcus Pedersen|Torino|D|1|70|0|0|0|0|0.1|0|1|0.1|0.1|0|0|0
12040|Thomas Thiesson Kristensen|Atalanta|D|1|90|0|0|0.143|0.143|0|2|0|0.182|0.165|1|0|0
12043|Christos Mandas|Lazio|GK|5|450|0|0|0|0|0|0|0|0.917|0.917|0|0|0
12104|Neil El Aynaoui|Roma|S|1|9|0|0|0|0|0|0|0|0.687|0.687|0|0|0
12218|Francesco Camarda|AC Milan|S|2|6|0|0|0|0|0|0|0|0|0|0|0|0
12303|Farès Ghedjemis|Frosinone|M S|3|194|0|0|0.797|0.797|0.065|7|2|1.992|1.225|0|0|0
12334|Kingstone Mutandwa|Cagliari|S|1|1|0|0|0|0|0|0|0|0|0|0|0|0
12340|Omari Forson|Monza|M S|4|93|0|0|0.142|0.142|0.073|2|4|0.996|0.837|0|0|0
12347|Luis Hasa|Frosinone|S|2|36|0|0|0.158|0.158|0.093|4|4|0.428|0.194|0|0|0
12362|Santiago Pierotti|Lecce|F M S|5|373|0|0|0.185|0.185|0.843|3|2|1.247|0.219|0|0|0
12365|Alieu Njie|Fiorentina,Torino|F M S|4|266|0|0|1.239|1.239|1.097|7|10|2.767|0.599|1|0|0
12369|Lucas Perri|Torino|GK|3|270|0|0|0|0|0|0|0|0.638|0.638|0|0|0
12528|Santiago Castro|Roma|S|4|98|0|0|1.075|1.075|0.135|7|2|1.778|0.579|0|0|0
12601|Darryl Bakola|Sassuolo|M S|4|299|0|1|0.365|0.365|0.499|2|6|2.089|1.619|0|0|0
12609|Niccolò Fortini|Torino|D M S|5|278|0|0|0.055|0.055|0.09|1|1|1.255|1.255|0|0|0
12635|Matteo Palma|Udinese|D|1|49|0|0|0|0|0|0|0|0|0|0|0|0
12761|Yukinari Sugawara|Cagliari|S|2|51|0|0|0|0|0.085|0|1|0.085|0|0|0|0
12777|Patrizio Masini|Frosinone|M S|5|388|0|1|0.065|0.065|0.761|4|1|2.006|1.212|0|0|0
12822|Álex Valle|Como|D|4|348|0|1|0.177|0.177|0.251|5|7|1.273|1.027|0|0|0
12858|Daniele Ghilardi|Roma|D S|3|138|0|0|0|0|0|0|0|0.655|0.655|1|0|0
12868|Mattia Felici|Cagliari|S|2|34|0|0|0.058|0.058|0.021|1|1|0.149|0.09|0|0|0
12872|Fisayo Dele-Bashiru|Lazio|M|1|58|0|0|0|0|0|0|0|0.024|0.024|0|0|0
12877|Lorenzo Lucchesi|Monza|D|5|422|0|0|0.549|0.549|0.282|4|1|1.782|1.782|2|0|0
12885|Kialonda Gaspar|Lecce|D|4|338|0|0|0.814|0.814|0|2|0|0.71|0.71|2|0|0
12904|Samuel Mbangula|Bologna|S|2|6|0|0|0.084|0.084|0|1|0|0.084|0.084|0|0|0
12958|Alessandro Marcandalli|Genoa|D|5|442|0|0|0|0|0.105|0|2|0.942|0.837|1|0|0
12989|Jay Idzes|Sassuolo|D|3|261|0|0|0.017|0.017|0.078|1|1|0.265|0.265|1|0|0
12993|David Neres|Napoli|S|3|61|0|0|0.696|0.696|0.548|3|2|1.299|0.055|0|0|0
12997|Alieu Fadera|Cagliari|S|4|89|0|0|0.196|0.196|0.397|4|3|0.65|0.058|0|0|0
13006|Joël Schingtienne|Venezia|D|5|450|0|0|0|0|0.095|0|2|0.507|0.497|3|0|0
13045|Eddy Kouadio|Monza|D|5|444|0|0|0.698|0.698|0.701|2|2|1.97|1.269|2|0|0
13059|Jesús Rodriguez|Como|M S|3|147|0|0|0.844|0.844|0.27|10|1|1.205|0.346|0|0|0
13061|Benjamín Domínguez|Sassuolo|S|4|78|0|0|0.066|0.066|0|2|0|0.066|0.052|0|0|0
13063|Konstantinos Koulierakis|Roma|S|2|26|0|0|0|0|0|0|0|0.227|0.227|1|0|0
13083|Matías Moreno|Venezia|D S|3|172|0|0|0.326|0.326|0|5|0|0.208|0.183|2|0|0
13097|Mandela Keita|Parma Calcio 1913|F M|5|438|0|0|0.021|0.021|0.139|1|3|1.194|1.084|1|0|0
13110|Toni Fernández|Venezia|S|3|51|0|0|0|0|0|0|0|0.016|0.016|1|0|0
13136|Brooke Norton-Cuffy|Genoa|D|2|180|0|0|0.04|0.04|0.135|1|4|0.395|0.255|0|0|0
13151|Mattia Liberali|Como|S|2|21|0|0|0.092|0.092|0.072|2|1|0.164|0|0|0|0
13202|Kerim-Sam Alajbegovic|Juventus|M S|4|230|0|0|0.282|0.282|0|10|0|0.65|0.426|0|0|0
13237|Massimo Pessina|Bologna|GK|1|90|0|0|0|0|0|0|0|0|0|0|0|0
13389|Devyne Rensch|Roma|S|2|28|0|0|0|0|0|0|0|0.139|0.139|0|0|0
13395|Danilo Veiga|Lecce|D|5|450|0|1|0|0|0.749|0|3|0.709|0.032|3|0|0
13443|Ivan Smolcic|Como|S|2|29|0|0|0|0|0|0|0|0.06|0.06|0|0|0
13447|Oliver Provstgaard|Lazio|D|5|450|0|0|0.087|0.087|0.017|1|1|2.181|2.093|1|0|0
13451|Konan N’Dri|Lecce|F S|5|195|0|0|0.2|0.2|0|3|0|0.831|0.631|1|0|0
13478|Sebastian Otoa|Genoa|D S|2|87|0|0|0|0|0|0|0|0|0|1|0|0
13543|Valde|Fiorentina|D S|4|231|0|0|0.198|0.198|0.181|2|3|1.073|0.753|0|0|0
13599|Alessio Cacciamani|Torino|D M S|5|364|0|1|0.131|0.131|0.406|1|2|1.326|1.194|0|0|0
13698|Rahim Alhassane|Bologna|D|2|139|0|0|0.358|0.358|0.089|2|3|0.669|0.243|0|0|0
13875|Jamil Siebert|Lecce|D S|5|382|0|0|0.093|0.093|0.622|1|2|0.679|0.057|1|0|0
13876|Corrie Ndaba|Lecce|D S|2|132|0|0|0|0|0|0|0|0.724|0.724|0|0|0
13881|Noa Lang|Napoli|F M S|4|184|0|0|0.371|0.371|0.143|4|2|1.141|0.647|0|0|0
13891|Wesley|Roma|D M|4|333|0|1|0.151|0.151|1.675|3|14|3.929|2.571|0|0|0
13894|Torbjørn Heggem|Bologna|D|5|450|0|0|0.091|0.091|0.177|1|3|0.898|0.844|1|0|0
13895|Ardon Jashari|AC Milan|M S|3|74|0|0|0.515|0.515|0.135|1|2|1.008|0.451|0|0|0
13946|João Mário|Fiorentina|D S|3|175|0|0|0|0|0.15|0|2|0.403|0.299|0|0|0
13948|Christian Ordóñez|Parma Calcio 1913|M S|4|210|0|0|0.123|0.123|0.042|4|2|0.116|0|0|0|0
13956|Vakoun Bayo|Udinese|S|4|82|0|1|0.903|0.903|0.338|4|1|1.384|0.143|1|0|0
13958|Lennon Miller|Udinese|M S|5|252|0|0|0.084|0.084|0.12|2|4|1.224|1.127|1|0|0
13962|Rafik Belghali|Torino|D S|3|97|0|1|0|0|0.564|0|2|0.679|0.115|1|0|0
13964|Petar Sucic|Inter|M S|4|185|0|0|0|0|0.12|0|3|1.018|0.992|0|0|0
13969|Nikola Stulic|Lecce|F S|5|259|0|0|1.33|1.33|0.006|5|1|1.456|0.119|0|0|0
13979|Mariano Troilo|Parma Calcio 1913|D|5|448|0|0|0|0|0.157|0|2|1.509|1.509|2|0|0
13980|Sascha Britschgi|Parma Calcio 1913|D M S|4|255|0|0|0.013|0.013|0|1|0|1.155|1.142|0|0|0
14019|Zé Pedro|Cagliari|D|5|408|0|0|0.335|0.335|0.066|1|2|0.903|0.861|1|0|0
14021|Benjamín Cremaschi|Parma Calcio 1913|S|2|27|0|0|0|0|0|0|0|0|0|0|0|0
14065|Juan Rodríguez|Cagliari|D|5|398|0|0|0.02|0.02|0.047|1|2|0.516|0.472|0|0|0
14104|Laurs Skjellerup|Sassuolo|S|1|6|0|0|0|0|0|0|0|0|0|0|0|0
14181|Abdou-Salam Konate|Parma Calcio 1913|M S|2|93|0|0|0.011|0.011|0|1|0|0.024|0.024|1|0|0
14200|Tommaso Macchioni|Sassuolo|D|1|75|0|0|0|0|0|0|0|0.177|0.177|0|0|0
14211|Yvan Maye|Monza|S|2|7|0|0|0.015|0.015|0|1|0|0.035|0.035|0|0|0
14244|Simone Cinquegrano|Sassuolo|D|5|450|0|0|0.464|0.464|0.086|6|2|1.678|1.458|0|0|0
14300|Emanuele Lulli|Roma|D M|4|324|0|0|0.063|0.063|0.803|1|4|2.656|2.354|0|0|0
14325|Noel Törnqvist|Monza|GK|1|90|0|0|0|0|0|0|0|0.096|0.096|0|0|0
14339|Omri Gandelman|Lecce|S|1|1|0|0|0|0|0|0|0|0|0|0|0|0
14341|Kenneth Taylor|Lazio|M|5|423|0|0|0.192|0.192|0.457|5|6|3.748|3.196|0|0|0
14344|Dominik Drobnic|Parma Calcio 1913|D|2|180|0|0|0|0|0|0|0|0.089|0.089|1|0|0
14347|Oumar Ngom|Lecce|M S|5|255|0|0|0.056|0.056|0.072|4|3|0.863|0.767|1|0|0
14380|Justin Bijlow|Genoa|GK|5|450|0|0|0|0|0.032|0|1|0.819|0.788|0|0|0
14382|Eivind Helland|Bologna|D|3|240|0|0|0.161|0.161|0|2|0|0.26|0.26|0|0|0
14386|Juan Arizala|Udinese|S|1|3|0|0|0|0|0|0|0|0|0|0|0|0
14412|Nesta Elphege|Parma Calcio 1913|F S|4|104|0|1|0.35|0.35|0.427|3|2|0.521|0.021|0|0|0
14426|Alex Amorim|Genoa|M S|4|105|0|0|0.017|0.017|0.101|1|3|0.254|0.238|1|0|0
14427|Alisson Santos|Napoli|F S|3|180|0|0|0.232|0.232|0.124|8|2|0.416|0.092|0|0|0
14791|Adam Bakoune|Monza|D S|4|151|0|0|0.048|0.048|0.026|1|1|0.161|0.113|0|0|0
14792|Manga Foe Ondoa|Monza|M S|3|178|0|0|0.13|0.13|0.088|4|2|0.841|0.744|0|0|0
14793|Mathis Mout|Monza|M S|5|143|0|1|0.101|0.101|0.069|3|1|1.18|1.01|0|0|0
14805|Rachid Kouda|Parma Calcio 1913|S|1|12|0|0|0|0|0|0|0|0|0|0|0|0
14806|Ousmane Diallo|Parma Calcio 1913|S|1|12|0|0|0|0|0|0|0|0|0|0|0|0
14809|Matija Frigan|Parma Calcio 1913|S|2|75|0|0|0.108|0.108|0.092|1|2|0.865|0.665|0|0|0
14810|Raphael Kofler|Cagliari|S|3|63|0|0|0.046|0.046|0.031|1|1|0|0|0|0|0
14846|Ethan Meichtry|Genoa|S|4|39|0|0|0.476|0.476|0.01|2|1|0.626|0.14|0|0|0
14847|Adam Zulevic|Genoa|S|1|3|0|0|0|0|0|0|0|0|0|0|0|0
14848|David Puczka|Genoa|S|1|27|0|0|0|0|0|0|0|0.058|0.058|0|0|0
14877|Matteo Dagasso|Venezia|S|1|18|0|0|0|0|0|0|0|0.02|0.02|1|0|0
14878|Albion Rrahmani|Venezia|F S|4|77|0|0|0.182|0.182|0|4|0|0.136|0.027|0|0|0
14879|Lion Lauberbach|Venezia|S|3|31|0|0|0|0|0|0|0|0.043|0.043|0|0|0
14883|Lamine Fanne|Venezia|S|1|17|0|0|0|0|0|0|0|0.018|0.018|0|0|0
14886|Paco Esteban|Lecce|S|2|58|0|0|0|0|0|0|0|0|0|0|0|0
14887|Gabriele Calvani|Frosinone|D|5|437|0|0|0.166|0.166|0|4|0|1.202|1.202|2|0|0
14889|Matteo Cichella|Frosinone|M S|3|105|0|0|0.034|0.034|0|1|0|0.219|0.185|0|0|0
14892|Anouar El Azzouzi|Frosinone|S|1|1|0|0|0|0|0|0|0|0|0|0|0|0
14897|Diego Mascardi|Torino|GK|2|180|0|0|0|0|0|0|0|0.441|0.441|0|0|0
14898|Kian Fitz-Jim|Torino|M|5|387|0|0|0.026|0.026|1.083|2|8|1.631|1.015|0|0|0
14903|Fedde Leysen|Sassuolo|D S|5|375|0|1|0.08|0.08|0.096|2|1|0.913|0.913|1|0|0
14904|Gabriel Kulla|Sassuolo|S|1|1|0|0|0|0|0|0|0|0|0|0|0|0
14910|Mikel Amondarain|Bologna|M S|3|93|0|0|0.06|0.06|0.011|1|1|0.147|0.076|1|0|0
14911|Marco Libra|Bologna|S|2|70|0|0|0.059|0.059|0.075|1|1|0.979|0.845|0|0|0
14919|Christ Inao Oulaï|Fiorentina|M S|3|123|0|0|0.015|0.015|0.108|1|3|0.32|0.261|0|0|0
14920|Viery|Fiorentina|D S|4|253|0|0|0|0|0|0|0|0.766|0.766|0|0|0
14987|Daniel Bîrligea|Frosinone|S|2|8|0|0|0|0|0|0|0|0.054|0.054|0|0|0
15022|Josip Sutalo|Lazio|D|2|176|0|0|0|0|0|0|0|1.186|1.186|0|0|0
15038|Pote|Fiorentina|S|3|38|0|0|0.094|0.094|0.013|2|1|0.453|0.345|0|0|0
15039|Daniel Bragança|Torino|M S|3|129|0|0|0.046|0.046|0.274|2|1|0.358|0.038|1|0|0
15053|Tomás Bobcek|Frosinone|S|1|16|0|0|0.069|0.069|0.067|1|1|0.168|0.101|0|0|0
15060|Jay Enem|Bologna|S|1|5|0|0|0.029|0.029|0.084|1|1|0.112|0|0|0|0
15061|Alessandro Sugamele|Cagliari|S|1|14|0|0|0.261|0.261|0|1|0|0.406|0.145|0|0|0
15062|Joël Monteiro|Lecce|F M|3|214|0|0|0.02|0.02|0.063|2|1|0.084|0|0|0|0
15065|Giorgi Chakvetadze|Udinese|S|2|59|0|0|0.072|0.072|0|2|0|0.193|0.193|0|0|0
15085|Justin Oboavwoduo|Juventus|S|1|3|0|0|0|0|0|0|0|0.05|0.05|0|0|0
